1111111111111111111111111111
1000000000000000000000000001
1011110111110110111110111101
1011110111110110111110111101
1000000110000110000110000001
1011110000111111110000111101
1011110110111111110110111101
1000110110000110000110110001
1110110111110110111110110111
1110000111110110111110000111
1110110000000000000000110111
1110111110111--1110111110111
1110111110111xx1110111110111
AAA000000011xxxx110000000AAA
1110110110111111110110110111
1110110110111111110110110111
1110110110000000000110110111
1110110111011111101110110111
1110110111011111101110110111
1000000000000110000000000001
1011111011110110111101111101
1011111011110000111101111101
1011000000110110110000001101
1011011110110110110111101101
1000011110000110000111100001
1011011110110000110111101101
1011000000110110110000001101
1011111011110110111101111101
1011111011110110111101111101
1000000000000000000000000001
1111111111111111111111111111
